
Matriz|coeficientes
-1  0  0  0  0  0  0  0  0  1  0  0  0  0  0  0  0  0  0  0  0  0  0  0  0  0  0  0  0  0  0  0  0  0  0  0  0  0  0  0  0  0  0  0  0  = 0.500000
 0 -1  0  0  0  0  0  0  0  0  1  0  0  0  0  0  0  0  0  0  0  0  0  0  0  0  0  0  0  0  0  0  0  0  0  0  0  0  0  0  0  0  0  0  0  = 0.500000
 0  0 -1  0  0  0  0  0  0  0  0  1  0  0  0  0  0  0  0  0  0  0  0  0  0  0  0  0  0  0  0  0  0  0  0  0  0  0  0  0  0  0  0  0  0  = 0.500000
 0  0  0 -1  0  0  0  0  0  0  0  0  1  0  0  0  0  0  0  0  0  0  0  0  0  0  0  0  0  0  0  0  0  0  0  0  0  0  0  0  0  0  0  0  0  = 0.500000
 0  0  0  0 -1  0  0  0  0  0  0  0  0  1  0  0  0  0  0  0  0  0  0  0  0  0  0  0  0  0  0  0  0  0  0  0  0  0  0  0  0  0  0  0  0  = 0.500000
 0  0  0  0  0 -1  0  0  0  0  0  0  0  0  1  0  0  0  0  0  0  0  0  0  0  0  0  0  0  0  0  0  0  0  0  0  0  0  0  0  0  0  0  0  0  = 0.500000
 0  0  0  0  0  0 -1  0  0  0  0  0  0  0  0  1  0  0  0  0  0  0  0  0  0  0  0  0  0  0  0  0  0  0  0  0  0  0  0  0  0  0  0  0  0  = 0.500000
 0  0  0  0  0  0  0 -1  0  0  0  0  0  0  0  0  1  0  0  0  0  0  0  0  0  0  0  0  0  0  0  0  0  0  0  0  0  0  0  0  0  0  0  0  0  = 0.500000
 0  0  0  0  0  0  0  0 -1  0  0  0  0  0  0  0  0  1  0  0  0  0  0  0  0  0  0  0  0  0  0  0  0  0  0  0  0  0  0  0  0  0  0  0  0  = 0.500000
 1  0  0  0  0  0  0  0  0 -6  1  0  1  0  0  0  0  0  1  0  0  0  0  0  0  0  0  0  0  0  0  0  0  0  0  0  0  0  0  0  0  0  0  0  0  = 0.000000
 0  1  0  0  0  0  0  0  0  1 -6  1  0  1  0  0  0  0  0  1  0  0  0  0  0  0  0  0  0  0  0  0  0  0  0  0  0  0  0  0  0  0  0  0  0  = 0.000000
 0  0  1  0  0  0  0  0  0  0  1 -6  0  0  1  0  0  0  0  0  1  0  0  0  0  0  0  0  0  0  0  0  0  0  0  0  0  0  0  0  0  0  0  0  0  = 0.000000
 0  0  0  1  0  0  0  0  0  1  0  0 -6  1  0  1  0  0  0  0  0  1  0  0  0  0  0  0  0  0  0  0  0  0  0  0  0  0  0  0  0  0  0  0  0  = 0.000000
 0  0  0  0  1  0  0  0  0  0  1  0  1 -6  1  0  1  0  0  0  0  0  1  0  0  0  0  0  0  0  0  0  0  0  0  0  0  0  0  0  0  0  0  0  0  = 0.000000
 0  0  0  0  0  1  0  0  0  0  0  1  0  1 -6  0  0  1  0  0  0  0  0  1  0  0  0  0  0  0  0  0  0  0  0  0  0  0  0  0  0  0  0  0  0  = 0.000000
 0  0  0  0  0  0  1  0  0  0  0  0  1  0  0 -6  1  0  0  0  0  0  0  0  1  0  0  0  0  0  0  0  0  0  0  0  0  0  0  0  0  0  0  0  0  = 0.000000
 0  0  0  0  0  0  0  1  0  0  0  0  0  1  0  1 -6  1  0  0  0  0  0  0  0  1  0  0  0  0  0  0  0  0  0  0  0  0  0  0  0  0  0  0  0  = 0.000000
 0  0  0  0  0  0  0  0  1  0  0  0  0  0  1  0  1 -6  0  0  0  0  0  0  0  0  1  0  0  0  0  0  0  0  0  0  0  0  0  0  0  0  0  0  0  = 0.000000
 0  0  0  0  0  0  0  0  0  1  0  0  0  0  0  0  0  0 -6  1  0  1  0  0  0  0  0  1  0  0  0  0  0  0  0  0  0  0  0  0  0  0  0  0  0  = -2.000000
 0  0  0  0  0  0  0  0  0  0  1  0  0  0  0  0  0  0  1 -6  1  0  1  0  0  0  0  0  1  0  0  0  0  0  0  0  0  0  0  0  0  0  0  0  0  = -2.000000
 0  0  0  0  0  0  0  0  0  0  0  1  0  0  0  0  0  0  0  1 -6  0  0  1  0  0  0  0  0  1  0  0  0  0  0  0  0  0  0  0  0  0  0  0  0  = -2.000000
 0  0  0  0  0  0  0  0  0  0  0  0  1  0  0  0  0  0  1  0  0 -6  1  0  1  0  0  0  0  0  1  0  0  0  0  0  0  0  0  0  0  0  0  0  0  = -2.000000
 0  0  0  0  0  0  0  0  0  0  0  0  0  1  0  0  0  0  0  1  0  1 -6  1  0  1  0  0  0  0  0  1  0  0  0  0  0  0  0  0  0  0  0  0  0  = -2.000000
 0  0  0  0  0  0  0  0  0  0  0  0  0  0  1  0  0  0  0  0  1  0  1 -6  0  0  1  0  0  0  0  0  1  0  0  0  0  0  0  0  0  0  0  0  0  = -2.000000
 0  0  0  0  0  0  0  0  0  0  0  0  0  0  0  1  0  0  0  0  0  1  0  0 -6  1  0  0  0  0  0  0  0  1  0  0  0  0  0  0  0  0  0  0  0  = -2.000000
 0  0  0  0  0  0  0  0  0  0  0  0  0  0  0  0  1  0  0  0  0  0  1  0  1 -6  1  0  0  0  0  0  0  0  1  0  0  0  0  0  0  0  0  0  0  = -2.000000
 0  0  0  0  0  0  0  0  0  0  0  0  0  0  0  0  0  1  0  0  0  0  0  1  0  1 -6  0  0  0  0  0  0  0  0  1  0  0  0  0  0  0  0  0  0  = -2.000000
 0  0  0  0  0  0  0  0  0  0  0  0  0  0  0  0  0  0  1  0  0  0  0  0  0  0  0 -6  1  0  1  0  0  0  0  0  1  0  0  0  0  0  0  0  0  = -2.000000
 0  0  0  0  0  0  0  0  0  0  0  0  0  0  0  0  0  0  0  1  0  0  0  0  0  0  0  1 -6  1  0  1  0  0  0  0  0  1  0  0  0  0  0  0  0  = -2.000000
 0  0  0  0  0  0  0  0  0  0  0  0  0  0  0  0  0  0  0  0  1  0  0  0  0  0  0  0  1 -6  0  0  1  0  0  0  0  0  1  0  0  0  0  0  0  = -2.000000
 0  0  0  0  0  0  0  0  0  0  0  0  0  0  0  0  0  0  0  0  0  1  0  0  0  0  0  1  0  0 -6  1  0  1  0  0  0  0  0  1  0  0  0  0  0  = -2.000000
 0  0  0  0  0  0  0  0  0  0  0  0  0  0  0  0  0  0  0  0  0  0  1  0  0  0  0  0  1  0  1 -6  1  0  1  0  0  0  0  0  1  0  0  0  0  = -2.000000
 0  0  0  0  0  0  0  0  0  0  0  0  0  0  0  0  0  0  0  0  0  0  0  1  0  0  0  0  0  1  0  1 -6  0  0  1  0  0  0  0  0  1  0  0  0  = -2.000000
 0  0  0  0  0  0  0  0  0  0  0  0  0  0  0  0  0  0  0  0  0  0  0  0  1  0  0  0  0  0  1  0  0 -6  1  0  0  0  0  0  0  0  1  0  0  = -2.000000
 0  0  0  0  0  0  0  0  0  0  0  0  0  0  0  0  0  0  0  0  0  0  0  0  0  1  0  0  0  0  0  1  0  1 -6  1  0  0  0  0  0  0  0  1  0  = -2.000000
 0  0  0  0  0  0  0  0  0  0  0  0  0  0  0  0  0  0  0  0  0  0  0  0  0  0  1  0  0  0  0  0  1  0  1 -6  0  0  0  0  0  0  0  0  1  = -2.000000
 0  0  0  0  0  0  0  0  0  0  0  0  0  0  0  0  0  0  0  0  0  0  0  0  0  0  0  0  0  0  0  0  0  0  0  0  1  0  0  0  0  0  0  0  0  = 10.000000
 0  0  0  0  0  0  0  0  0  0  0  0  0  0  0  0  0  0  0  0  0  0  0  0  0  0  0  0  0  0  0  0  0  0  0  0  0  1  0  0  0  0  0  0  0  = 10.000000
 0  0  0  0  0  0  0  0  0  0  0  0  0  0  0  0  0  0  0  0  0  0  0  0  0  0  0  0  0  0  0  0  0  0  0  0  0  0  1  0  0  0  0  0  0  = 10.000000
 0  0  0  0  0  0  0  0  0  0  0  0  0  0  0  0  0  0  0  0  0  0  0  0  0  0  0  0  0  0  0  0  0  0  0  0  0  0  0  1  0  0  0  0  0  = 10.000000
 0  0  0  0  0  0  0  0  0  0  0  0  0  0  0  0  0  0  0  0  0  0  0  0  0  0  0  0  0  0  0  0  0  0  0  0  0  0  0  0  1  0  0  0  0  = 10.000000
 0  0  0  0  0  0  0  0  0  0  0  0  0  0  0  0  0  0  0  0  0  0  0  0  0  0  0  0  0  0  0  0  0  0  0  0  0  0  0  0  0  1  0  0  0  = 10.000000
 0  0  0  0  0  0  0  0  0  0  0  0  0  0  0  0  0  0  0  0  0  0  0  0  0  0  0  0  0  0  0  0  0  0  0  0  0  0  0  0  0  0  1  0  0  = 10.000000
 0  0  0  0  0  0  0  0  0  0  0  0  0  0  0  0  0  0  0  0  0  0  0  0  0  0  0  0  0  0  0  0  0  0  0  0  0  0  0  0  0  0  0  1  0  = 10.000000
 0  0  0  0  0  0  0  0  0  0  0  0  0  0  0  0  0  0  0  0  0  0  0  0  0  0  0  0  0  0  0  0  0  0  0  0  0  0  0  0  0  0  0  0  1  = 10.000000

Soluciones:
T1 = 0.119222
T2 = 0.363014
T3 = 0.119222
T4 = 0.363014
T5 = 0.699982
T6 = 0.363014
T7 = 0.119222
T8 = 0.363014
T9 = 0.119222
T10 = 0.619222
T11 = 0.863014
T12 = 0.619222
T13 = 0.863014
T14 = 1.199982
T15 = 0.863014
T16 = 0.619222
T17 = 0.863014
T18 = 0.619222
T19 = 1.870080
T20 = 2.376647
T21 = 1.870080
T22 = 2.376647
T23 = 3.047852
T24 = 2.376647
T25 = 1.870080
T26 = 2.376647
T27 = 1.870080
T28 = 3.847964
T29 = 4.608853
T30 = 3.847964
T31 = 4.608853
T32 = 5.580544
T33 = 4.608853
T34 = 3.847964
T35 = 4.608853
T36 = 3.847964
T37 = 10.000000
T38 = 10.000000
T39 = 10.000000
T40 = 10.000000
T41 = 10.000000
T42 = 10.000000
T43 = 10.000000
T44 = 10.000000
T45 = 10.000000
